   1.2100000e+02   2.3100000e+02
   2.3100000e+02   2.3100000e+02
   1.5500000e+02   3.0700000e+02
   1.9500000e+02   3.0500000e+02
   1.2900000e+02   3.3900000e+02
   2.2400000e+02   3.3800000e+02
   1.7500000e+02   4.1200000e+02
   1.7500000e+02   3.4700000e+02
   1.7600000e+02   3.0000000e+02
   1.6800000e+02   6.0000000e+01
   6.4000000e+01   3.0300000e+02
   2.8100000e+02   3.0000000e+02
   2.6300000e+02   3.4800000e+02
   9.4000000e+01   3.6200000e+02
   6.8000000e+01   1.1300000e+02
   2.7400000e+02   1.0200000e+02
   1.7900000e+02   4.3800000e+02
   1.7500000e+02   2.2400000e+02
