   1.3100000e+02   2.2300000e+02
   2.2700000e+02   2.2900000e+02
   1.6300000e+02   2.9400000e+02
   2.0100000e+02   2.9700000e+02
   1.3000000e+02   3.2700000e+02
   2.1900000e+02   3.2800000e+02
   1.7900000e+02   4.2000000e+02
   1.7800000e+02   3.3600000e+02
   1.7700000e+02   2.8800000e+02
   1.7800000e+02   2.9000000e+01
   6.4000000e+01   3.0500000e+02
   2.8400000e+02   2.9900000e+02
   2.5500000e+02   3.6200000e+02
   1.0600000e+02   3.8100000e+02
   7.5000000e+01   9.0000000e+01
   2.5300000e+02   5.4000000e+01
   1.8300000e+02   4.6000000e+02
   1.7800000e+02   2.0900000e+02
