   1.2400000e+02   2.2300000e+02
   2.3400000e+02   2.3100000e+02
   1.6100000e+02   3.0000000e+02
   2.0200000e+02   2.9900000e+02
   1.1500000e+02   3.2500000e+02
   2.2500000e+02   3.3600000e+02
   1.7200000e+02   4.2300000e+02
   1.7800000e+02   3.5200000e+02
   1.7900000e+02   2.9400000e+02
   1.7700000e+02   5.1000000e+01
   5.3000000e+01   2.9300000e+02
   2.7900000e+02   2.9700000e+02
   2.5800000e+02   3.5600000e+02
   8.6000000e+01   3.5800000e+02
   7.9000000e+01   8.8000000e+01
   2.4900000e+02   8.5000000e+01
   1.6500000e+02   4.4900000e+02
   1.8400000e+02   2.2000000e+02
