   1.2300000e+02   2.2800000e+02
   2.2000000e+02   2.2400000e+02
   1.5900000e+02   2.9900000e+02
   1.9200000e+02   3.0200000e+02
   1.4000000e+02   3.3900000e+02
   2.1400000e+02   3.3400000e+02
   1.7700000e+02   4.1800000e+02
   1.8000000e+02   3.3900000e+02
   1.7800000e+02   2.9400000e+02
   1.7600000e+02   5.2000000e+01
   6.2000000e+01   2.8300000e+02
   2.9200000e+02   2.7600000e+02
   2.7400000e+02   3.3900000e+02
   9.2000000e+01   3.5800000e+02
   7.7000000e+01   9.7000000e+01
   2.6200000e+02   8.8000000e+01
   1.7900000e+02   4.6500000e+02
   1.7400000e+02   2.2100000e+02
