   1.2100000e+02   2.2100000e+02
   2.2900000e+02   2.1800000e+02
   1.5600000e+02   2.9600000e+02
   1.9900000e+02   2.9700000e+02
   1.2900000e+02   3.3000000e+02
   2.2800000e+02   3.2500000e+02
   1.8200000e+02   4.1000000e+02
   1.7800000e+02   3.3300000e+02
   1.7800000e+02   2.8200000e+02
   1.6900000e+02   4.2000000e+01
   6.6000000e+01   3.0700000e+02
   2.8500000e+02   3.0000000e+02
   2.6600000e+02   3.5200000e+02
   1.0200000e+02   3.6900000e+02
   7.2000000e+01   9.1000000e+01
   2.4300000e+02   7.7000000e+01
   1.9000000e+02   4.6300000e+02
   1.7700000e+02   2.0400000e+02
