   1.3100000e+02   2.3200000e+02
   2.3200000e+02   2.2300000e+02
   1.7100000e+02   2.9400000e+02
   2.1300000e+02   2.9400000e+02
   1.4800000e+02   3.4200000e+02
   2.3600000e+02   3.3400000e+02
   1.9700000e+02   4.1700000e+02
   1.9500000e+02   3.4100000e+02
   1.9000000e+02   2.9100000e+02
   1.6200000e+02   4.9000000e+01
   6.0000000e+01   3.0300000e+02
   2.9400000e+02   2.8600000e+02
   2.7300000e+02   3.5800000e+02
   1.0000000e+02   3.7000000e+02
   6.3000000e+01   9.7000000e+01
   2.5100000e+02   8.3000000e+01
   1.9400000e+02   4.4600000e+02
   1.8700000e+02   2.1400000e+02
