   1.2300000e+02   2.2400000e+02
   2.3000000e+02   2.2400000e+02
   1.6300000e+02   2.9900000e+02
   1.9600000e+02   3.0200000e+02
   1.2900000e+02   3.4500000e+02
   2.2900000e+02   3.4400000e+02
   1.7500000e+02   4.2700000e+02
   1.7800000e+02   3.4700000e+02
   1.7800000e+02   2.8800000e+02
   1.6500000e+02   4.5000000e+01
   5.1000000e+01   3.1100000e+02
   2.8100000e+02   3.1100000e+02
   2.5800000e+02   3.7300000e+02
   1.0600000e+02   3.9800000e+02
   6.0000000e+01   1.2200000e+02
   2.5200000e+02   9.4000000e+01
   1.7800000e+02   4.7200000e+02
   1.8000000e+02   2.0900000e+02
