   1.1300000e+02   2.4000000e+02
   2.2000000e+02   2.3800000e+02
   1.4400000e+02   3.0000000e+02
   1.8100000e+02   3.0200000e+02
   1.1200000e+02   3.3900000e+02
   2.1300000e+02   3.3400000e+02
   1.6600000e+02   4.2400000e+02
   1.6700000e+02   3.4400000e+02
   1.6500000e+02   2.9100000e+02
   1.7700000e+02   4.3000000e+01
   6.6000000e+01   2.8300000e+02
   2.9000000e+02   3.0700000e+02
   2.6100000e+02   3.7600000e+02
   8.6000000e+01   3.9300000e+02
   8.1000000e+01   8.5000000e+01
   2.7400000e+02   9.7000000e+01
   1.7500000e+02   4.7900000e+02
   1.6100000e+02   2.2000000e+02
