   1.2600000e+02   2.3200000e+02
   2.2900000e+02   2.3500000e+02
   1.5900000e+02   2.9700000e+02
   1.9500000e+02   3.0000000e+02
   1.3200000e+02   3.5000000e+02
   2.1700000e+02   3.5200000e+02
   1.7500000e+02   4.3700000e+02
   1.7400000e+02   3.5200000e+02
   1.7800000e+02   2.9000000e+02
   1.7800000e+02   5.2000000e+01
   6.4000000e+01   3.1400000e+02
   2.8200000e+02   3.2100000e+02
   2.6800000e+02   3.7300000e+02
   8.7000000e+01   3.8100000e+02
   6.5000000e+01   1.3600000e+02
   2.7500000e+02   1.4700000e+02
   1.8200000e+02   4.8800000e+02
   1.7800000e+02   2.3200000e+02
