   1.1800000e+02   2.2400000e+02
   2.2700000e+02   2.1700000e+02
   1.5700000e+02   2.9700000e+02
   1.9800000e+02   2.9000000e+02
   1.3200000e+02   3.3400000e+02
   2.2400000e+02   3.1900000e+02
   1.8300000e+02   4.2100000e+02
   1.7800000e+02   3.3300000e+02
   1.7500000e+02   2.8300000e+02
   1.6500000e+02   3.8000000e+01
   5.9000000e+01   3.1400000e+02
   2.9700000e+02   2.9100000e+02
   2.7400000e+02   3.4800000e+02
   9.4000000e+01   3.7000000e+02
   7.4000000e+01   9.7000000e+01
   2.4600000e+02   8.0000000e+01
   1.8900000e+02   4.6800000e+02
   1.6800000e+02   2.0400000e+02
