   1.0500000e+02   2.2800000e+02
   1.9900000e+02   2.2000000e+02
   1.2700000e+02   3.0000000e+02
   1.5600000e+02   2.9100000e+02
   1.2100000e+02   3.4400000e+02
   1.9400000e+02   3.3100000e+02
   1.7100000e+02   4.1500000e+02
   1.5200000e+02   3.3100000e+02
   1.4000000e+02   2.8800000e+02
   1.4600000e+02   5.6000000e+01
   1.1000000e+02   2.9700000e+02
   3.0000000e+02   2.9400000e+02
   2.6200000e+02   3.5200000e+02
   1.2500000e+02   3.7600000e+02
   8.3000000e+01   1.1100000e+02
   2.3400000e+02   7.4000000e+01
   2.0100000e+02   4.6900000e+02
   1.3900000e+02   2.1000000e+02
