   1.2700000e+02   2.2600000e+02
   2.2300000e+02   2.1200000e+02
   1.6400000e+02   2.9300000e+02
   1.9400000e+02   2.8800000e+02
   1.4500000e+02   3.3300000e+02
   2.2600000e+02   3.2500000e+02
   1.9400000e+02   4.0900000e+02
   1.8600000e+02   3.3000000e+02
   1.7700000e+02   2.7900000e+02
   1.6900000e+02   7.3000000e+01
   8.6000000e+01   3.0800000e+02
   2.9400000e+02   2.9100000e+02
   2.7100000e+02   3.6200000e+02
   1.2500000e+02   3.8300000e+02
   8.3000000e+01   1.3800000e+02
   2.7200000e+02   1.3100000e+02
   1.9700000e+02   4.5500000e+02
   1.7200000e+02   2.2600000e+02
