   1.1900000e+02   2.1700000e+02
   2.2800000e+02   2.0900000e+02
   1.5400000e+02   2.8800000e+02
   1.8400000e+02   2.9000000e+02
   1.2900000e+02   3.2800000e+02
   2.2000000e+02   3.2500000e+02
   1.7700000e+02   4.0700000e+02
   1.7400000e+02   3.3300000e+02
   1.6900000e+02   2.7400000e+02
   1.7000000e+02   4.0000000e+01
   7.1000000e+01   3.0300000e+02
   2.9300000e+02   2.9400000e+02
   2.6700000e+02   3.6200000e+02
   1.0900000e+02   3.7800000e+02
   7.8000000e+01   9.4000000e+01
   2.5500000e+02   8.7000000e+01
   1.9200000e+02   4.3800000e+02
   1.7100000e+02   1.9800000e+02
