   1.2900000e+02   2.3800000e+02
   2.2200000e+02   2.2900000e+02
   1.7000000e+02   2.8500000e+02
   1.9700000e+02   2.8500000e+02
   1.4200000e+02   3.4200000e+02
   2.3100000e+02   3.2400000e+02
   1.9600000e+02   4.1700000e+02
   1.8700000e+02   3.3300000e+02
   1.8500000e+02   2.7600000e+02
   1.5500000e+02   1.0000000e+02
   6.9000000e+01   3.3900000e+02
   2.8900000e+02   3.2200000e+02
   2.6000000e+02   3.7500000e+02
   1.2000000e+02   3.9500000e+02
   6.9000000e+01   1.5300000e+02
   2.3200000e+02   1.2100000e+02
   1.8000000e+02   4.6600000e+02
   1.7600000e+02   2.1800000e+02
