   1.3400000e+02   2.2300000e+02
   2.2900000e+02   2.2900000e+02
   1.6700000e+02   3.0200000e+02
   2.0800000e+02   3.0000000e+02
   1.3600000e+02   3.2400000e+02
   2.1700000e+02   3.3000000e+02
   1.7800000e+02   4.1000000e+02
   1.8100000e+02   3.4400000e+02
   1.8400000e+02   3.0000000e+02
   1.8100000e+02   4.6000000e+01
   6.4000000e+01   2.8800000e+02
   2.8100000e+02   2.8600000e+02
   2.6300000e+02   3.3800000e+02
   9.8000000e+01   3.4700000e+02
   8.3000000e+01   8.8000000e+01
   2.4500000e+02   8.3000000e+01
   1.7500000e+02   4.3700000e+02
   1.8600000e+02   2.1800000e+02
