   1.2400000e+02   2.3400000e+02
   2.1700000e+02   2.2900000e+02
   1.5300000e+02   3.0300000e+02
   1.8900000e+02   3.0700000e+02
   1.3100000e+02   3.3800000e+02
   2.1400000e+02   3.3100000e+02
   1.7700000e+02   4.1500000e+02
   1.7400000e+02   3.4400000e+02
   1.7100000e+02   3.0300000e+02
   1.6500000e+02   2.9000000e+01
   6.7000000e+01   2.8500000e+02
   2.7500000e+02   2.7700000e+02
   2.5500000e+02   3.5200000e+02
   9.9000000e+01   3.6700000e+02
   7.6000000e+01   7.3000000e+01
   2.5900000e+02   5.4000000e+01
   1.7900000e+02   4.3800000e+02
   1.7100000e+02   2.2100000e+02
