   1.2500000e+02   2.2600000e+02
   2.2400000e+02   2.3100000e+02
   1.6000000e+02   2.9700000e+02
   1.9800000e+02   3.0000000e+02
   1.2100000e+02   3.2400000e+02
   2.2400000e+02   3.3300000e+02
   1.7300000e+02   4.1500000e+02
   1.7700000e+02   3.3800000e+02
   1.7800000e+02   2.9900000e+02
   1.7700000e+02   4.8000000e+01
   5.5000000e+01   2.9700000e+02
   2.7700000e+02   3.0300000e+02
   2.5100000e+02   3.6700000e+02
   9.5000000e+01   3.7200000e+02
   7.4000000e+01   8.7000000e+01
   2.5800000e+02   9.0000000e+01
   1.6700000e+02   4.5400000e+02
   1.8100000e+02   2.0900000e+02
