   1.2100000e+02   2.2600000e+02
   2.2600000e+02   2.2600000e+02
   1.5100000e+02   2.9700000e+02
   1.8900000e+02   2.9900000e+02
   1.2400000e+02   3.3400000e+02
   2.2000000e+02   3.3300000e+02
   1.7100000e+02   4.1200000e+02
   1.7400000e+02   3.3400000e+02
   1.7000000e+02   2.7900000e+02
   1.7100000e+02   3.8000000e+01
   6.9000000e+01   3.0800000e+02
   2.9200000e+02   3.0500000e+02
   2.6200000e+02   3.6100000e+02
   9.0000000e+01   3.7000000e+02
   8.6000000e+01   9.0000000e+01
   2.5500000e+02   8.0000000e+01
   1.7800000e+02   4.7400000e+02
   1.7100000e+02   2.0900000e+02
