   1.2600000e+02   2.2600000e+02
   2.3200000e+02   2.2600000e+02
   1.6700000e+02   2.9600000e+02
   1.9700000e+02   2.9700000e+02
   1.2500000e+02   3.2700000e+02
   2.2900000e+02   3.2200000e+02
   1.7700000e+02   4.2300000e+02
   1.8200000e+02   3.3800000e+02
   1.8400000e+02   2.9300000e+02
   1.6700000e+02   4.2000000e+01
   6.8000000e+01   2.9000000e+02
   2.8900000e+02   2.6800000e+02
   2.5900000e+02   3.5500000e+02
   9.8000000e+01   3.5900000e+02
   8.2000000e+01   8.8000000e+01
   2.5200000e+02   7.7000000e+01
   1.7800000e+02   4.4400000e+02
   1.8000000e+02   2.1000000e+02
